255574744
	
260282122	
260311707	            
262104482	
264445937	
266181004	
266185142	
242329838	
252827281	
276309809	
301098572	
276152379                                                                                                   	
426	276152728	
447	276944343	
425	276152566	
38	251993206	
476	280244360	
885	311551238	
863	310904803	
7719	767475836	
7716	767478288	
254	260300839	
269	261520244	
180	255581804	
178	255578994	
179	255577501	
181	255577518	
182	255578129	
186	255573301	
191	255648301	
183	255581460	
7720	767475810	
197	255682658	
192	255674576	
17836	1095016807	
200	255582536	
480	281356814	
488	281360363	
190	255586682	
481	281357001	
17843	1095037993	
483	281357525	
7712	767475782	
489	281360493	
421	276152003	
198	255582112	
17845	1095045259	
194	255674712	
482	281357190	
484	281357796	
201	255759627	
7711	767475769	
2857	481418035	
362	271148054	
218	256243918	
205	255590667	
219	252827328	
221	252827302	
485	281358199	
237	260281261	
250	260299259	
234	260311373	
227	260302246	
249	260298865	
223	260161968	
222	252827290	
228	260302694	
510	284965505	
487	281360205	
260	260294119	
145	254764108	
257	260295570	
258	260295909	
2931	486969474	
233	260312636	
226	260285154	
265	260292695	
763	301098946	
251	260299767	
256	260310552	
264	260292107	
261	260294576	
509	284964852	
243	260290817	
275	261517297	
887	311552071	
246	260310999	
245	260280645	
292	264445403	
580	290362462	
274	261516477	
244	260289299	
282	262103662	
300	264448016	
321	266188169	
366	272583672	
303	265645272	
325	266189723	
411	276077020	
319	266187122	
364	271148632	
17846	1095047116	
324	266189392	
313	266183438	
370	272586428	
380	272613991	
994	254764108	
379	272612743	
385	272588085	
371	272586951	
386	272589215	
368	272584505	
1143	329188998	
4	242332078	
14	242334535	
188	255573772	
23	242334132	
5	242332140	
18	242333739	
378	272612023	
1	242330284	
17	242333663	
12	242333563	
6	242332241	
8	242332381	
383	272617418	
34	251974368	
32	251976036	
140	252826060	
33	251970680	
159	252827629	
149	252827838	
138	252810095	
148	252827818	
143	254771551	
802	303588249	
173	255571383	
172	255574508	
467	279933387	
166	252826852	
165	252826843	
407	276073428	
420	276151840	
408	276073880	
167	252826854	
413	276081286	
171	255568879	
429	276309514	
410	276075974	
506	284963295	
443	276942980	
193	255579496	
518	285511333	
515	284998510	
516	285132379	
815	307308410	
827	307405735	
578	290361972	
862	310904041	
575	290359916	
676	294600393	
836	309885307	
675	294604075	
195	255674796	
818	307402255	
867	310905991	
583	290363158	
618	291568254	
792	302206237	
690	295881264	
20	242333829	
26	251974331	
199	255675432	
196	255674951	
473	279935810	
203	255589309	
204	255589641	
206	255587201	
207	255587570	
7717	767475801	
470	279934644	
208	255587995	
7718	767475804	
288	264261410	
209	255588518	
210	255588919	
217	256217762	
9255	819607877	
472	279935476	
582	291009621	
432	276334891	
298	264466596	
422	276150312	
189	255586113	
139	252826049	
229	260314129	
758	301102258	
224	260276784	
225	260282437	
22	242334039	
247	260320119	
248	260320478	
12894	932561597	
12897	932585471	
253	260300402	
12898	932585471	
259	260296349	
262	260295078	
12900	932585471	
266	260293001	
268	261520789	
270	276151068	
271	261519141	
273	261518194	
12907	932653412	
12901	932585471	
783	301952996	
9175	819608929	
9174	819608969	
12908	932656738	
277	261519834	
280	262104867	
285	262103826	
291	264445061	
1019	318325589	
294	264446433	
296	264449166	
297	264466190	
299	264447650	
301	264448391	
304	265644780	
305	265644412	
308	266181400	
12909	932656738	
309	266181656	
310	266182217	
311	266182636	
312	266182940	
314	266183855	
317	266186180	
318	266186713	
279	262106863	
326	266190201	
356	269713139	
358	269713279	
360	271147307	
367	272584097	
369	272585057	
372	272587577	
374	272608316	
381	272616111	
387	272590477	
392	272592727	
394	272593753	
2	242334869	
7	242332325	
10	242332534	
11	242332572	
16	242333613	
19	242333795	
21	242333937	
24	251974233	
29	251969725	
30	251976111	
36	252000468	
146	252827655	
151	252827044	
157	252827635	
160	252827024	
163	252826750	
164	252826753	
169	255575175	
174	255572576	
175	255572065	
177	255578625	
409	276074597	
412	276078554	
414	276149578	
418	276151475	
419	276151652	
423	276152216	
431	276310261	
442	276942415	
444	276943441	
446	276943809	
453	276330754	
454	277278080	
465	279932538	
468	279933690	
469	279934227	
471	279935098	
474	279936051	
477	280244363	
478	280386338	
479	280987013	
507	284963733	
508	284964246	
512	284997086	
513	284997565	
514	284998059	
517	285132768	
519	285917542	
520	285918149	
576	290360676	
577	290361289	
579	290362462	
585	290364163	
586	290367208	
615	291569292	
617	291567494	
619	291568886	
668	294605935	
669	294605296	
671	294602153	
672	294602752	
674	294603359	
689	295880671	
756	301102581	
759	301101876	
760	301101455	
762	301100715	
765	301098256	
767	301097442	
768	301097054	
770	301096430	
771	301096037	
772	301095767	
781	301952163	
782	301952589	
784	301953388	
793	302206607	
816	307401620	
817	307401924	
819	307402519	
821	307402898	
822	307404478	
824	307404804	
826	307405397	
838	309887484	
860	310903419	
861	310903689	
864	310905153	
865	310905541	
866	310905809	
869	310906299	
870	310907012	
882	311550525	
884	311550845	
886	311551602	
888	311552587	
889	311552869	
1002	318257506	
1003	318244875	
1006	318246727	
1009	318248647	
1010	318249335	
1014	318327045	
1017	318326133	
1021	318324442	
1025	318319075	
1029	318321859	
1045	318320053	
1248	336168202	
1253	336170745	
1255	336172061	
1258	336429599	
1260	336434698	
1264	336457712	
1265	336458320	
1266	336458874	
1304	342102849	
1305	342103454	
1306	342103947	
1308	342105139	
1309	342105873	
1311	342107369	
1315	342109245	
1318	342111681	
1319	342112373	
1339	349579463	
1340	349570781	
1343	349572653	
1344	349572957	
1352	349575350	
1354	349575655	
1362	350848841	
1364	351462357	
1367	351464660	
1370	351466093	
1371	351466604	
1373	350851055	
1374	350850599	
1375	350850158	
1377	351468189	
1438	356498527	
1440	356949859	
1441	356950607	
1442	356951185	
1443	356951716	
1447	356973372	
1448	356955072	
1453	356983974	
1454	356984315	
1455	356984537	
1457	356499121	
1458	356499160	
1467	361847425	
1468	361847973	
1472	360384266	
1475	361850085	
1476	361850948	
1482	361854551	
1488	361859104	
1490	361858387	
1788	395313586	
1792	395313556	
1796	395021820	
1798	395021800	
1800	395021771	
1802	395021749	
1804	395021724	
1805	395021708	
1810	395021640	
1812	395021613	
1813	395021593	
1816	395021544	
1818	395021511	
1819	395021500	
1822	395021461	
1823	395016548	
1826	395016426	
1829	395016372	
1830	395016352	
1831	395016331	
1834	395016278	
1836	395016246	
1837	395016230	
1839	395016188	
1841	395016155	
1843	395016106	
1844	395016068	
1848	395015892	
1851	395015766	
1853	395015754	
1854	395015738	
1857	395015676	
1858	395015650	
1859	395015626	
1861	395015572	
1862	395015553	
1863	395015529	
185	255583534	
184	255583218	
9220	806116515	
1348	349571897	
1471	360383866	
1449	356955455	
1483	361855016	
1492	361861092	
1808	395021667	
202	255590131	
1793	395313532	
1316	342109930	
361	271147647	
373	272607791	
241	260289924	
1486	361856841	
235	260312140	
8896	806116541	
377	272610482	
231	260313637	
1807	395021687	
427	276308115	
252	260299978	
263	260291397	
327	266514147	
1797	395021814	
1835	395016261	
1846	395015963	
232	260313011	
505	284966556	
1346	349574302	
230	260314510	
242	260290312	
276	261516867	
255	260320900	
238	260281763	
880	310904403	
240	260282424	
1351	349572197	
393	272593255	
9176	819608669	
320	266187654	
272	261518490	
584	290363710	
475	279936572	
316	266185625	
158	252827644	
1439	356949349	
825	307405104	
1791	395313564	
466	279932973	
162	252827034	
28	251980270	
384	272617887	
289	264270076	
286	262104138	
1307	342104580	
1794	395313525	
1860	395015598	
1007	318247303	
766	301097823	
141	252826065	
278	261517706	
154	252827333	
295	264446998	
13	242334479	
382	272616637	
1001	318243966	
1338	349579759	
677	294601006	
1368	351465299	
35	252000956	
415	276149756	
376	272613463	
1016	318326551	
1011	318257292	
1365	351463218	
1302	342100639	
363	271148410	
1317	342110887	
1303	342101272	
1849	395015856	
1256	336172803	
1008	318247836	
1262	336456719	
15	242334908	
1263	336457169	
587	290372592	
1028	318321219	
1320	342108106	
490	282019254	
1473	361848692	
1004	318245425	
9	242332451	
1456	356984848	
161	252827025	
389	272589837	
1254	336171349	
27	251970733	
399	272990491	
354	269713052	
1809	395021657	
1372	350851385	
1310	342106657	
306	266180625	
761	301101117	
620	291577294	
1845	395016012	
1842	395016133	
397	272989674	
1369	350849700	
391	272591586	
416	276149989	
1838	395016213	
1452	356983669	
670	294604539	
1376	351467378	
1341	349574712	
1444	356952216	
417	276150477	
323	266188972	
1855	395015705	
1847	395015920	
1799	395021788	
1820	395021476	
1023	318322525	
1493	361898814	
1865	395015462	
1363	350849261	
1864	395015488	
1469	360382676	
1252	336170116	
359	269715277	
375	272609396	
142	254768323	
1012	318250149	
396	272990123	
1827	395016406	
1445	356953024	
1044	318255455	
1487	361857594	
302	264448758	
1815	395021560	
176	255591080	
1787	395015442	
1833	395016293	
1477	361851750	
1801	395021765	
1314	342108685	
1790	395313571	
395	272608845	
1814	395021575	
769	301096824	
511	284966100	
448	276944992	
1257	336173410	
1825	395016451	
773	301095411	
1828	395016391	
168	252826862	
1005	318245990	
1795	395021831	
1446	356982280	
1474	361849426	
1350	349573951	
1470	360383416	
144	254772241	
37	263188208	
1485	361856259	
1491	361859822	
1806	395021699	
1811	395021625	
1450	356983324	
1027	318320607	
1345	349573226	
1366	351463936	
1840	395016177	
1355	349571509	
1832	395016306	
1342	349575080	
1817	395021527	
1850	395015804	
7422	754793740	
7721	767475815	
7722	767475823	
7723	767475829	
9168	819609446	
9173	819608997	
8263	794318121	
9203	819607978	
10281	840631673	
9931	840631621	
10279	840631662	
9263	819608255	
10298	840631711	
10297	840631480	
10294	840631502	
10291	840631518	
9258	806116503	
10290	840631685	
10284	840631655	
10289	840631759	
10287	840631751	
10282	840631634	
10276	840631743	
10275	840631723	
10272	840631540	
10259	840631584	
9941	840631573	
9939	840631545	
9934	840631610	
9530	830290623	
9259	806116642	
9232	806116692	
9231	806116446	
9230	806116610	
7710	767475760	
9224	806116665	
9223	806116681	
9219	806116563	
9202	819608087	
9200	845112190	
9199	819608589	
9198	819608634	
9172	819609044	
9170	819609174	
9169	819609392	
9167	819609494	
9166	819609545	
9165	819609638	
9159	819595757	
8899	806116629	
8262	846656227	
8905	806116485	
8904	806116532	
8901	806116474	
8895	806116587	
8894	806116655	
14345	995970423	
1022	318323193	
14348	995978526	
14346	995975646	
14385	998779302	
14338	995935531	
14342	995955134	
14344	995964233	
14386	998843287	
14388	998855863	
14389	998889924	
14390	998896413	
14392	999167136	
14393	999174833	
14396	999237597	
14397	999256784	
14400	999301967	
15128	1023016845	
15130	1023050401	
14157	986758341	
14164	986759896	
14148	988584164	
14151	986752300	
14153	986756071	
14154	986757168	
14162	986759229	
14167	986760572	
14165	986760237	
14168	986761290	
14163	986759502	
14158	986758754	
14156	986757953	
14152	986754709	
14150	986773952	
147	252827809	
14689	1011024205	
428	276308823	
14791	1012519963	
14795	1012537827	
14798	1012547012	
15216	1026247710	
15219	1026280214	
15224	1026592395	
15227	1026619601	
15230	1026624351	
15229	1026622781	
15231	1026626180	
284	262103291	
1361	350848479	
1347	349571129	
14693	1011063654	
14695	1011089959	
14793	1012527906	
14782	1012483267	
14738	1012156923	
14788	1012505922	
14789	1012512061	
14796	1012542927	
14697	1011115676	
15131	1023063444	
15184	1025245303	
15185	1025258696	
15196	1025530371	
15207	1025589424	
15217	1026259188	
15218	1026278740	
15226	1026617415	
15186	1025262532	
15228	1026622197	
15204	1025560408	
14713	1011451888	
14728	1012082130	
14715	1011468322	
14719	1011488644	
14729	1012104352	
14760	1012196934	
1250	336169548	
17124	1081923855	
15086	1012197356	
837	309886757	
18002	1096658475	
18003	1096666215	
17123	1081919286	
18004	1096668695	
17125	1081927362	
18005	1096684277	
18006	1096689547	
17129	1081930733	
18014	1096714492	
18011	1096694105	
18013	1096710867	
18022	1096901101	
18023	1096902676	
18026	1096904044	
18027	1096910416	
18028	1096912942	
17505	1089082372	
17506	1089091594	
17507	1089092761	
17508	1089095573	
17509	1089100194	
17512	1089108800	
17515	1089138408	
17516	1089140035	
17517	1089143129	
17519	1089148041	
17072	1080958784	
17079	1080985819	
17103	1081609289	
17060	1080673123	
17067	1080942558	
17078	1080976429	
17119	1081913016	
17081	1080995959	
17083	1080986594	
17126	1081928732	
17117	1081620706	
17122	1081916386	
17141	1081932546	
9171	819609111	
17689	1093110318	
17692	1093155482	
17699	1093343664	
17697	1093342699	
17698	1093342962	
17700	1093344113	
17701	1093345430	
17702	1093353388	
17703	1093354241	
17704	1093355186	
17510	1094820585	
17823	1095013483	
17824	1095014699	